1814
1824
1821
1814
1813
1814
1824
1821
1814
1813
1814
1824
1821
1814
1813
1814
1824
1821
1814
1813
1814
1824
1821
1814
1813
1814
1824
1821
1814
1813
1814
1824
1821
1814
1813
1814
1824
1821
1814
1813
1814
1824
1821
1814
1813
1814
1824
1821
1814
1813
1814
1824
1821
1814
1813
1808
1810
1819
1816
1811
1809
1819
1818
1809
1823
1819
1805
1815
1813
1813
1821
1808
1815
1814
1822
1815
1814
1823
1822
1820
1823
1821
1823
1819
1817
1810
1808
1822
1815
1808
1822
1827
1815
1817
1818
1825
1814
1821
1821
1808
1808
1813
1812
1824
1815
1815
1825
1811
1817
1809
1812
1823
1814
1818
1824
1819
1819
1813
1809
1811
1808
1810
1815
1819
1813
1813
1821
1821
1808
1814
1822
1815
1813
1821
1810
1811
1818
1821
1812
1811
1813
1813
1806
1820
1824
1821
1823
1813
1821
1815
1809
1822
1806
1803
1807
1809
1807
1806
1805
1808
1811
1808
1810
1805
1811
1812
1809
1806
1809
1820
1808
1804
1814
1811
1813
1807
1813
1811
1827
1819
1808
1807
1809
1820
1815
1808
1809
1814
1815
1813
1814
1822
1813
1808
1822
1813
1815
1808
1809
1809
1817
1806
1808
1811
1815
1808
1810
1808
1819
1824
1811
1818
1809
1810
1813
1819
1796
1812
1815
1818
1809
1819
1805
1813
1815
1811
1809
1808
1819
1810
1826
1811
1821
1814
1821
1809
1818
1821
1808
1808
1808
1815
1819
1815
1813
1817
1809
1810
1813
1805
1808
1822
1818
1813
1814
1824
1811
1811
1813
1819
1822
1802
1821
1815
1809
1817
1825
1818
1813
1819
1815
1815
1812
1814
1808
1822
1819
1816
1819
1810
1822
1808
1809
1824
1811
1815
1813
1814
1821
1815
1819
1821
1808
1827
1819
1819
1819
1817
1819
1815
1821
1827
1823
1815
1824
1817
1823
1814
1822
1815
1820
1815
1809
1811
1809
1822
1817
1808
1819
1818
1812
1812
1813
1810
1808
1821
1811
1813
1819
1813
1808
1818
1819
1813
1827
1811
1812
1810
1824
1819
1820
1814
1817
1818
1821
1817
1813
1810
1808
1818
1823
1821
1822
1812
1813
1815
1811
1815
1811
1815
1813
1819
1813
1811
1813
1815
1811
1819
1823
1818
1817
1818
1814
1815
1812
1827
1808
1814
1818
1814
1815
1817
1819
1826
1819
1818
1819
1809
1815
1818
1813
1811
1811
1822
1820
1811
1807
1818
1821
1815
1815
1821
1809
1818
1813
1808
1813
1817
1811
1812
1808
1820
1814
1813
1812
1811
1815
1809
1809
1811
1819
1808
1812
1825
1817
1810
1811
1808
1814
1817
1817
1821
1821
1815
1812
1812
1819
1809
1818
1815
1820
1833
1815
1823
1810
1808
1815
1819
1810
1824
1829
1818
1813
1818
1822
1815
1820
1810
1815
1818
1818
1811
1808
1808
1815
1820
1821
1818
1819
1813
1815
1815
1812
1808
1815
1819
1817
1829
1825
1814
1808
1819
1824
1819
1811
1809
1818
1811
1815
1810
1815
1814
1817
1818
1810
1817
1815
1813
1819
1817
1812
1821
1810
1823
1809
1812
1815
1811
1819
1814
1810
1815
1821
1813
1821
1821
1813
1815
1821
1819
1823
1808
1821
1812
1818
1826
1817
1826
1817
1814
1815
1813
1814
1814
1824
1826
1817
1814
1815
1814
1809
1810
1813
1813
1814
1825
1814
1813
1820
1808
1814
1809
1809
1825
1829
1814
1819
1817
1813
1822
1815
1808
1813
1822
1810
1811
1811
1819
1817
1811
1817
1821
1819
1813
1813
1824
1817
1825
1815
1813
1823
1822
1810
1810
1819
1817
1816
1819
1811
1814
1808
1825
1810
1822
1819
1812
1814
1819
1810
1808
1813
1819
1813
1809
1819
1810
1811
1811
1811
1810
1819
1816
1818
1823
1810
1815
1815
1819
1815
1814
1824
1815
1809
1809
1812
1815
1820
1813
1812
1809
1815
1818
1833
1808
1808
1806
1810
1806
1808
1806
1810
1809
1808
1818
1806
1806
1808
1808
1815
1809
1808
1816
1814
1822
1812
1814
1811
1811
1808
1817
1809
1809
1813
1813
1803
1808
1811
1818
1811
1810
1814
1813
1815
1814
1810
1808
1813
1815
1818
1814
1818
1812
1810
1814
1811
1810
1819
1813
1812
1818
1810
1813
1811
1806
1815
1812
1810
1815
1807
1815
1808
1819
1815
1811
1810
1815
1810
1808
1808
1815
1808
1815
1814
1809
1818
1817
1822
1818
1818
1819
1814
1818
1810
1808
1813
1808
1805
1809
1811
1819
1807
1808
1808
1811
1814
1824
1822
1810
1824
1815
1822
1815
1818
1817
1818
1818
1821
1829
1813
1810
1817
1813
1814
1824
1822
1814
1811
1813
1818
1815
1815
1814
1812
1808
1819
1812
1808
1818
1814
1817
1817
1811
1815
1809
1822
1819
1817
1829
1817
1820
1820
1813
1808
1815
1817
1823
1814
1822
1819
1822
1819
1817
1817
1815
1818
1808
1819
1814
1811
1817
1820
1811
1814
1818
1815
1811
1814
1821
1811
1810
1814
1830
1823
1814
1809
1810
1808
1813
1822
1822
1811
1818
1811
1811
1817
1823
1810
1820
1812
1819
1822
1813
1818
1809
1823
1814
1821
1813
1814
1823
1811
1814
1817
1821
1815
1819
1819
1825
1818
1815
1821
1809
1813
1817
1818
1819
1819
1823
1821
1816
1821
1810
1822
1821
1819
1823
1820
1813
1818
1811
1826
1825
1809
1820
1811
1808
1822
1827
1809
1810
1815
1820
1824
1809
1820
1813
1823
1824
1809
1812
1814
1822
1817
1823
1815
1821
1815
1819
1822
1819
1812
1814
1810
1813
1815
1822
1808
1815
1809
1813
1819
1811
1811
1817
1815
1814
1815
1813
1814
1819
1808
1827
1811
1823
1808
1823
1809
1821
1822
1821
1815
1818
1814
1813
1823
1822
1818
1821
1818
1815
1818
1822
1811
1810
1815
1814
1819
1818
1818
1812
1808
1819
1814
1815
1818
1814
1819
1817
1807
1818
1818
1815
1817
1823
1811
1819
1810
1821
1823
1808
1819
1823
1819
1813
1811
1819
1813
1808
1814
1814
1818
1818
1822
1817
1815
1818
1821
1811
1814
1813
1822
1813
1813
1824
1813
1819
1819
1817
1812
1810
1815
1815
1819
1823
1815
1815
1815
1821
1807
1817
1823
1818
1820
1822
1823
1814
1808
1813
1822
1824
1828
1809
1808
1811
1811
1811
1813
1808
1811
1815
1827
1819
1808
1818
1813
1824
1818
1820
1822
1822
1815
1813
1807
1811
1809
1809
1811
1813
1813
1820
1810
1823
1815
1818
1811
1815
1822
1821
1811
1820
1822
1812
1825
1818
1822
1813
1810
1813
1821
1822
1826
1815
1817
1812
1823
1825
1826
1823
1810
1822
1815
1817
1819
1822
1819
1815
1823
1813
1818
1819
1808
1808
1813
1820
1817
1824
1812
1814
1815
1819
1813
1814
1821
1822
1819
1820
1825
1812
1819
1815
1811
1817
1815
1815
1810
1808
1823
1807
1808
1809
1814
1807
1799
1814
1823
1810
1812
1815
1813
1808
1823
1807
1808
1806
1813
1808
1816
1802
1810
1808
1808
1809
1809
1806
1819
1811
1819
1822
1809
1818
1809
1808
1813
1808
1809
1818
1809
1808
1811
1822
1823
1810
1806
1808
1814
1811
1817
1810
1810
1813
1814
1815
1823
1811
1814
1813
1803
1811
1808
1819
1808
1813
1818
1810
1808
1819
1814
1811
1810
1815
1812
1817
1819
1809
1803
1819
1807
1826
1821
1808
1815
1818
1815
1813
1809
1811
1808
1813
1813
1823
1825
1799
1813
1797
1822
1802
1813
1824
1810
1829
1811
1812
1817
1815
1819
1813
1810
1813
1812
1815
1813
1809
1811
1814
1809
1819
1816
1822
1819
1821
1814
1815
1814
1811
1815
1819
1811
1811
1818
1815
1808
1819
1821
1819
1808
1813
1811
1814
1812
1825
1811
1810
1818
1819
1822
1833
1819
1815
1811
1814
1818
1817
1818
1810
1813
1814
1822
1815
1821
1827
1813
1820
1814
1813
1825
1815
1824
1825
1822
1814
1811
1809
1814
1817
1813
1810
1818
1821
1815
1822
1825
1819
1814
1819
1815
1824
1813
1815
1814
1815
1820
1811
1815
1813
1811
1816
1813
1829
1819
1814
1814
1814
1814
1825
1823
1811
1814
1813
1820
1821
1808
1809
1821
1821
1817
1817
1820
1813
1821
1815
1814
1815
1823
1814
1822
1822
1818
1798
1812
1818
1827
1817
1822
1815
1821
1818
1819
1832
1818
1815
1822
1819
1811
1815
1813
1823
1819
1802
1817
1815
1819
1821
1809
1814
1809
1808
1818
1819
1827
1815
1815
1821
1818
1813
1810
1818
1815
1828
1824
1811
1821
1825
1815
1819
1814
1821
1817
1823
1822
1821
1824
1808
1823
1813
1809
1826
1815
1815
1810
1817
1823
1810
1817
1810
1815
1824
1819
1821
1837
1813
1824
1821
1822
1811
1819
1822
1806
1822
1814
1823
1812
1815
1815
1822
1819
1826
1823
1826
1814
1819
1819
1814
1821
1821
1819
1813
1821
1818
1811
1821
1819
1815
1812
1817
1818
1815
1823
1818
1819
1817
1819
1817
1811
1815
1815
1826
1821
1824
1826
1808
1815
1818
1815
1815
1817
1820
1815
1821
1818
1819
1818
1819
1824
1821
1819
1812
1808
1821
1810
1818
1822
1808
1819
1812
1821
1822
1816
1821
1815
1822
1820
1817
1814
1810
1818
1815
1815
1826
1813
1814
1815
1819
1808
1819
1820
1817
1818
1809
1812
1818
1811
1819
1818
1820
1815
1818
1812
1815
1820
1822
1818
1815
1815
1819
1807
1810
1814
1819
1812
1831
1810
1809
1818
1811
1815
1821
1809
1824
1829
1819
1818
1818
1815
1813
1811
1813
1813
1821
1805
1818
1821
1825
1819
1811
1819
1808
1819
1824
1823
1815
1815
1819
1809
1808
1815
1818
1817
1818
1819
1825
1814
1815
1831
1826
1810
1821
1818
1808
1815
1811
1810
1818
1815
1824
1814
1817
1824
1821
1819
1819
1809
1799
1818
1810
1811
1809
1808
1810
1808
1802
1806
1813
1803
1808
1808
1819
1807
1808
1802
1811
1812
1812
1814
1819
1807
1812
1808
1808
1813
1814
1808
1809
1811
1811
1807
1812
1810
1808
1808
1815
1815
1810
1810
1818
1819
