1811
1809
1814
1811
1814
1822
1815
1821
1811
1808
1822
1821
1818
1821
1819
1812
1817
1817
1813
1818
1823
1819
1810
1825
1823
1819
1809
1819
1815
1811
1819
1821
1830
1824
1826
1811
1808
1817
1815
1814
1817
1813
1824
1818
1815
1819
1815
1821
1817
1817
1813
1814
1813
1811
1809
1819
1815
1819
1815
1815
1822
1823
1825
1819
1809
1821
1811
1815
1808
1812
1818
1819
1808
1811
1815
1813
1819
1813
1814
1827
1817
1815
1811
1813
1817
1817
1823
1822
1825
1811
1818
1822
1813
1815
1818
1823
1822
1822
1808
1822
1819
1813
1809
1814
1815
1821
1813
1815
1822
1824
1819
1812
1819
1821
1808
1814
1814
1812
1819
1822
1808
1820
1814
1823
1811
1822
1819
1815
1815
1814
1822
1821
1818
1809
1818
1819
1825
1825
1819
1821
1823
1813
1820
1808
1821
1815
1817
1824
1812
1812
1809
1816
1815
1819
1811
1822
1815
1808
1809
1819
1819
1811
1823
1817
1826
1823
1808
1810
1818
1809
1819
1808
1809
1821
1815
1809
1819
1822
1815
1809
1817
1818
1817
1820
1821
1825
1815
1821
1824
1812
1818
1812
1813
1811
1815
1813
1817
1818
1807
1819
1825
1811
1821
1811
1814
1825
1807
1819
1811
1812
1818
1811
1823
1818
1812
1809
1821
1815
1821
1825
1816
1823
1815
1822
1821
1818
1814
1822
1818
1819
1812
1821
1818
1814
1815
1819
1818
1805
1813
1818
1821
1819
1819
1815
1815
1820
1811
1819
1826
1819
1819
1826
1827
1815
1822
1823
1823
1819
1811
1818
1813
1818
1824
1826
1814
1815
1818
1814
1814
1811
1818
1818
1821
1823
1819
1811
1817
1819
1819
1811
1808
1817
1822
1824
1821
1810
1819
1814
1819
1827
1821
1822
1822
1813
1821
1818
1813
1815
1815
1811
1817
1814
1813
1820
1821
1818
1813
1819
1812
1809
1808
1823
1820
1825
1825
1815
1817
1815
1814
1813
1817
1808
1813
1824
1823
1825
1818
1813
1821
1816
1821
1818
1814
1809
1817
1823
1808
1815
1827
1824
1821
1827
1812
1820
1818
1822
1818
1815
1837
1822
1821
1818
1818
1821
1809
1818
1813
1826
1814
1809
1818
1810
1815
1814
1826
1817
1815
1821
1818
1826
1813
1817
1815
1813
1808
1809
1819
1823
1819
1815
1808
1808
1808
1808
1804
1797
1808
1801
1811
1807
1805
1818
1802
1812
1808
1815
1811
1806
1797
1808
1809
1810
1810
1819
1815
1810
1827
1823
1814
1820
1805
1815
1808
1818
1806
1819
1807
1814
1809
1809
1797
1812
1808
1795
1808
1785
1811
1779
1808
1796
1797
1827
1809
1811
1817
1802
1819
1813
1809
1801
1815
1810
1823
1812
1815
1811
1810
1818
1828
1814
1829
1814
1814
1819
1824
1808
1810
1818
1816
1825
1823
1814
1814
1818
1826
1821
1814
1822
1823
1819
1813
1820
1813
1821
1817
1812
1815
1807
1821
1828
1809
1821
1814
1820
1819
1824
1825
1817
1815
1822
1811
1822
1821
1822
1811
1817
1812
1815
1810
1818
1819
1824
1819
1815
1825
1813
1817
1824
1809
1818
1808
1817
1817
1819
1808
1814
1819
1815
1824
1827
1811
1814
1813
1818
1825
1814
1821
1823
1824
1823
1814
1826
1811
1826
1818
1813
1823
1815
1813
1816
1817
1825
1820
1818
1815
1813
1815
1823
1823
1825
1816
1819
1819
1826
1811
1821
1818
1811
1822
1810
1815
1819
1823
1815
1821
1823
1810
1822
1821
1815
1813
1821
1811
1815
1811
1817
1811
1827
1815
1810
1826
1814
1810
1813
1823
1817
1819
1815
1815
1818
1815
1818
1812
1812
1818
1813
1817
1819
1817
1822
1827
1808
1814
1818
1822
1820
1809
1822
1818
1814
1811
1813
1817
1821
1817
1813
1819
1813
1818
1814
1809
1815
1808
1819
1810
1820
1821
1819
1822
1819
1815
1815
1815
1821
1818
1815
1824
1818
1815
1822
1818
1817
1824
1810
1813
1826
1806
1819
1822
1821
1819
1823
1811
1827
1821
1818
1809
1818
1823
1821
1826
1816
1822
1822
1814
1822
1813
1815
1811
1813
1815
1834
1822
1807
1829
1819
1817
1810
1810
1815
1816
1813
1808
1822
1808
1817
1808
1811
1827
1822
1819
1819
1818
1808
1820
1817
1813
1822
1819
1818
1811
1826
1823
1817
1822
1830
1813
1818
1817
1810
1829
1818
1809
1821
1827
1828
1813
1819
1819
1817
1814
1821
1819
1825
1821
1819
1828
1815
1815
1818
1813
1815
1811
1821
1809
1824
1815
1818
1808
1814
1810
1827
1827
1810
1819
1827
1826
1814
1822
1821
1827
1824
1808
1818
1815
1829
1824
1813
1822
1813
1818
1818
1821
1814
1814
1824
1815
1819
1815
1823
1826
1811
1821
1821
1824
1808
1811
1815
1811
1814
1834
1811
1822
1818
1818
1820
1817
1811
1815
1825
1814
1813
1820
1820
1811
1820
1824
1813
1815
1814
1807
1815
1813
1811
1811
1823
1814
1815
1815
1813
1827
1824
1824
1815
1813
1823
1818
1816
1815
1819
1809
1819
1826
1819
1808
1821
1827
1811
1824
1813
1820
1808
1822
1818
1811
1822
1821
1817
1815
1813
1811
1808
1810
1815
1815
1813
1818
1819
1812
1822
1810
1826
1814
1815
1814
1820
1817
1826
1810
1824
1815
1815
1808
1818
1808
1808
1809
1813
1809
1807
1808
1809
1807
1813
1810
1805
1811
1809
1803
1814
1813
1801
1811
1813
1811
1810
1821
1814
1811
1824
1822
1814
1808
1809
1809
1815
1808
1815
1822
1810
1811
1815
1809
1806
1827
1809
1813
1813
1815
1819
1815
1821
1823
1811
1810
1820
1808
1821
1818
1817
1815
1819
1810
1820
1825
1811
1824
1822
1826
1815
1818
1810
1810
1809
1822
1808
1817
1819
1821
1808
1814
1811
1810
1819
1815
1810
1806
1800
1815
1815
1807
1822
1822
1807
1815
1814
1822
1822
1813
1823
1820
1826
1818
1818
1815
1818
1819
1815
1819
1819
1813
1808
1825
1821
1815
1814
1815
1808
1818
1814
1824
1821
1822
1822
1819
1813
1815
1818
1810
1819
1814
1822
1808
1814
1818
1811
1821
1819
1821
1816
1821
1819
1814
1814
1808
1817
1813
1822
1814
1824
1819
1809
1815
1820
1808
1810
1813
1813
1819
1818
1819
1819
1814
1822
1815
1826
1820
1825
1815
1818
1821
1818
1822
1815
1818
1809
1815
1821
1821
1815
1817
1821
1812
1815
1817
1824
1831
1821
1820
1819
1815
1813
1821
1817
1815
1822
1808
1821
1822
1808
1815
1808
1822
1819
1823
1814
1808
1813
1806
1827
1811
1819
1814
1813
1819
1814
1809
1823
1814
1819
1811
1821
1824
1815
1818
1818
1818
1811
1819
1809
1824
1811
1822
1826
1827
1819
1809
1823
1821
1808
1808
1811
1825
1813
1818
1818
1809
1812
1819
1819
1826
1810
1822
1811
1823
1814
1822
1821
1821
1824
1813
1814
1811
1814
1817
1819
1811
1831
1814
1827
1826
1813
1820
1815
1821
1818
1811
1822
1818
1815
1815
1818
1822
1823
1814
1822
1819
1818
1811
1824
1811
1824
1825
1830
1819
1811
1821
1815
1818
1811
1811
1811
1818
1825
1823
1823
1818
1811
1819
1815
1809
1819
1817
1810
1819
1815
1813
1818
1824
1821
1815
1822
1819
1817
1819
1819
1819
1813
1815
1809
1821
1811
1817
1818
1830
1811
1813
1813
1824
1813
1823
1821
1826
1822
1812
1822
1815
1817
1821
1823
1819
1814
1819
1827
1811
1812
1817
1814
1820
1817
1824
1822
1808
1808
1809
1811
1814
1821
1812
1811
1819
1815
1822
1817
1817
1819
1813
1816
1821
1808
1821
1808
1815
1817
1808
1813
1828
1812
1825
1818
1822
1810
1808
1813
1813
1823
1817
1821
1815
1825
1819
1820
1814
1824
1825
1823
1824
1808
1817
1822
1809
1809
1808
1815
1810
1811
1819
1823
1822
1819
1815
1819
1821
1818
1818
1808
1824
1825
1810
1823
1819
1815
1821
1818
1820
1817
1822
1827
1818
1822
1807
1819
1817
1814
1819
1821
1815
1826
1824
1817
1828
1808
1823
1808
