1815
1811
1810
1807
1822
1821
1812
1823
1821
1814
1813
1808
1820
1814
1814
1813
1825
1824
1813
1813
1819
1811
1814
1818
1814
1809
1811
1821
1821
1818
1814
1819
1809
1819
1808
1816
1808
1810
1819
1815
1810
1819
1811
1813
1813
1808
1815
1823
1815
1814
1811
1813
1811
1823
1811
1810
1817
1837
1811
1815
1825
1807
1815
1812
1812
1817
1817
1820
1810
1818
1812
1814
1808
1814
1814
1808
1814
1821
1809
1809
1814
1818
1819
1820
1811
1814
1814
1817
1808
1810
1819
1809
1819
1819
1819
1808
1814
1815
1811
1821
1821
1814
1808
1818
1814
1811
1813
1808
1818
1808
1815
1815
1811
1813
1819
1814
1818
1823
1813
1813
1819
1817
1818
1815
1810
1818
1821
1823
1817
1814
1815
1815
1819
1815
1808
1810
1815
1809
1811
1813
1808
1817
1815
1821
1811
1819
1808
1817
1815
1811
1811
1818
1813
1814
1821
1824
1811
1811
1819
1811
1823
1823
1812
1815
1813
1810
1811
1820
1808
1819
1814
1807
1817
1808
1815
1817
1820
1817
1818
1809
1821
1823
1812
1819
1819
1811
1816
1813
1810
1821
1818
1808
1818
1815
1808
1823
1815
1808
1821
1820
1819
1818
1815
1819
1819
1811
1822
1808
1825
1819
1819
1817
1818
1815
1817
1821
1821
1813
1819
1813
1814
1816
1818
1814
1822
1823
1814
1817
1811
1813
1814
1809
1815
1810
1813
1821
1811
1821
1819
1810
1823
1824
1823
1820
1822
1816
1813
1813
1813
1822
1809
1817
1810
1814
1815
1822
1808
1825
1808
1819
1808
1823
1815
1811
1816
1816
1814
1823
1814
1814
1813
1830
1813
1815
1813
1821
1815
1819
1817
1810
1815
1820
1819
1826
1830
1813
1822
1821
1811
1819
1819
1808
1822
1815
1818
1818
1824
1815
1821
1816
1814
1819
1821
1819
1818
1814
1815
1814
1818
1811
1818
1814
1819
1815
1810
1815
1813
1815
1815
1819
1815
1821
1831
1818
1811
1812
1813
1808
1818
1810
1813
1820
1818
1821
1817
1814
1821
1821
1821
1823
1815
1820
1815
1818
1808
1813
1809
1816
1808
1808
1818
1825
1819
1813
1811
1809
1833
1813
1811
1808
1815
1825
1815
1818
1819
1809
1808
1821
1813
1827
1808
1808
1815
1811
1819
1810
1810
1816
1815
1815
1819
1818
1815
1822
1817
1819
1823
1815
1825
1815
1824
1819
1817
1824
1808
1810
1814
1813
1811
1821
1821
1805
1819
1808
1823
1821
1831
1819
1808
1815
1811
1813
1807
1818
1821
1819
1819
1818
1818
1822
1811
1813
1811
1811
1812
1813
1820
1814
1826
1813
1812
1821
1815
1814
1812
1809
1825
1817
1808
1817
1822
1815
1808
1810
1813
1819
1822
1811
1815
1808
1809
1809
1811
1820
1812
1818
1814
1818
1821
1813
1810
1808
1814
1808
1805
1810
1808
1807
1795
1802
1804
1795
1793
1805
1803
1808
1805
1808
1804
1810
1813
1810
1813
1806
1819
1811
1815
1813
1809
1819
1817
1808
1816
1804
1808
1801
1813
1813
1792
1803
1806
1802
1809
1813
1806
1810
1812
1815
1820
1815
1808
1811
1809
1801
1811
1806
1795
1793
1794
1793
1794
1797
1793
1809
1813
1813
1820
1815
1815
1808
1810
1811
1810
1809
1810
1801
1798
1808
1803
1805
1803
1790
1799
1795
1798
1803
1805
1794
1799
1790
1782
1801
1789
1807
1799
1803
1808
1808
1818
1817
1808
1808
1813
1776
1793
1795
1793
1808
1813
1806
1809
1808
1809
1811
1814
1811
1809
1818
1803
1803
1798
1806
1799
1808
1805
1808
1809
1815
1811
1796
1793
1794
1791
1781
1789
1789
1798
1789
1776
1781
1788
1782
1778
1802
1801
1810
1808
1805
1809
1802
1805
1808
1787
1791
1778
1786
1781
1775
1782
1781
1782
1779
1779
1802
1793
1793
1794
1777
1780
1781
1782
1779
1776
1778
1796
1799
1803
1808
1807
1808
1803
1808
1809
1808
1775
1795
1791
1805
1805
1807
1810
1808
1808
1792
1793
1794
1792
1790
1776
1781
1789
1783
1795
1779
1776
1787
1782
1787
1776
1776
1777
1786
1776
1763
1774
1773
1776
1776
1779
1787
1781
1776
1798
1807
1777
1776
1777
1775
1775
1791
1791
1790
1807
1808
1808
1803
1802
1792
1789
1779
1790
1783
1785
1777
1770
1776
1779
1791
1793
1803
1806
1808
1788
1777
1781
1783
1782
1775
1775
1776
1772
1766
1773
1775
1778
1776
1763
1776
1775
1765
1776
1775
1795
1792
1795
1791
1803
1799
1799
1778
1781
1791
1771
1776
1805
1805
1776
1776
1782
1781
1779
1776
1771
1767
1765
1775
1771
1775
1766
1776
1767
1771
1763
1773
1791
1767
1779
1766
1776
1767
1774
1774
1778
1776
1776
1786
1776
1776
1797
1798
1798
1807
1795
1791
1797
1781
1774
1777
1776
1771
1775
1777
1776
1776
1770
1774
1778
1791
1791
1787
1783
1791
1790
1799
1805
1791
1789
1776
1775
1777
1776
1765
1770
1771
1776
1769
1773
1774
1767
1776
1774
1767
1779
1778
1777
1777
1773
1778
1766
1774
1775
1774
1774
1776
1770
1766
1770
1782
1787
1792
1797
1801
1792
1803
1798
1790
1810
1817
1813
1823
1811
1811
1809
1812
1804
1807
1808
1795
1792
1791
1791
1781
1776
1782
1778
1811
1805
1804
1797
1807
1805
1798
1797
1795
1798
1803
1808
1809
1807
1812
1813
1808
1822
1818
1811
1810
1822
1812
1803
1803
1797
1806
1805
1799
1811
1795
1785
1787
1793
1794
1790
1810
1812
1814
1809
1815
1819
1807
1811
1808
1810
1813
1814
1817
1808
1819
1815
1815
1810
1811
1822
1803
1819
1808
1815
1811
1815
1818
1809
1821
1807
1815
1812
1805
1808
1808
1814
1820
1827
1809
1809
1805
1808
1810
1813
1817
1771
1763
1766
1776
1773
1808
1811
1814
1810
1813
1817
1810
1809
1801
1795
1795
1789
1786
1782
1776
1815
1822
1813
1812
1815
1799
1805
1804
1803
1801
1789
1792
1795
1787
1792
1789
1776
1779
1773
1759
1767
1762
1768
1759
1758
1762
1815
1810
1817
1825
1808
1808
1814
1813
1810
1808
1818
1820
1815
1810
1822
1781
1792
1791
1779
1767
1761
1765
1763
1758
1763
1758
1760
1767
1773
1773
1796
1811
1808
1808
1814
1808
1812
1812
1817
1809
1794
1799
1793
1776
1776
1769
1761
1770
1762
1763
1767
1761
1766
1759
1762
1767
1776
1763
1761
1811
1823
1812
1822
1815
1813
1808
1808
1813
1808
1807
1791
1790
1788
1793
1791
1798
1795
1794
1793
1776
1777
1776
1773
1773
1765
1771
1760
1765
1765
1764
1805
1811
1811
1810
1823
1809
1820
1818
1814
1794
1793
1789
1792
1776
1774
1776
1770
1772
1772
1761
1762
1752
1763
1761
1794
1775
1775
1763
1763
1808
1815
1822
1808
1821
1808
1798
1783
1789
1785
1780
1779
1781
1767
1770
1767
1774
1767
1761
1755
1764
1758
1761
1763
1760
1772
1762
1765
1771
1767
1765
1778
1783
1799
1806
1811
1805
1767
1775
1761
1761
1765
1776
1763
1755
1759
1762
1755
1769
1799
1791
1808
1809
1809
1822
1803
1766
1805
1808
1809
1776
1765
1765
1760
1767
1769
1769
1773
1776
1761
1761
1760
1762
1771
1775
1782
1770
1769
1779
1780
1795
1809
1807
1808
1790
1776
1763
1763
1763
1760
1765
1790
1785
1786
1791
1790
1791
1786
1792
1794
1786
1767
1783
1781
1781
1771
1786
1772
1780
1779
1781
1792
1805
1799
1803
1774
1776
1776
1777
1776
1767
1772
1763
1754
1765
1759
1821
1819
1811
1808
1792
1799
1786
1786
1781
1781
1763
1770
1807
1808
1815
1821
1807
1820
1814
1823
1810
1815
1825
1810
1811
1812
1814
1824
1808
1822
1807
1807
1818
1817
1815
1827
1814
1823
1825
1809
1818
1819
1815
1819
1815
1817
1817
1814
1820
1818
1815
1815
1804
1805
1813
1810
1817
1814
1808
1810
1815
1813
1814
1810
1799
1804
1804
1791
1795
1783
1787
1795
1785
1804
1805
1802
1806
1817
1803
1803
1814
1811
1814
1822
1805
1808
1781
1792
1792
1792
1796
1787
1813
1776
1791
1792
1778
1785
1791
1776
1778
1776
1787
1785
1780
1787
1783
1786
1785
1808
1805
1810
1805
1790
1795
1783
1787
1791
1783
1779
1776
1777
1777
1777
1778
1786
1777
1778
1787
1806
1803
1805
1806
1808
1778
1776
1777
1791
1783
1775
1777
1773
1770
1776
1785
1783
1776
1783
1786
1786
1805
1804
1809
1794
1803
1795
1801
1809
1815
1776
1786
1776
1776
1781
1781
1776
1777
1777
1767
1776
1786
1790
1780
1766
1776
1774
1772
1774
1777
1776
1781
1775
1782
1766
1808
1805
1803
1803
1802
1795
1792
1791
1787
1765
1775
1770
1776
1778
1798
1802
1789
1802
1805
1797
1798
1791
1795
1803
1791
1777
1777
1779
1781
1785
1789
1781
1779
1776
1774
1776
1771
1773
1776
1774
1775
1779
1778
1775
1774
1798
1811
1813
1808
1795
1805
1802
1799
1807
1792
1795
1776
1779
1789
1775
1776
1776
1769
1776
1769
1771
1773
1772
1770
1766
1776
1776
1771
1771
1770
1775
1774
1771
1773
1763
1775
1777
1787
1785
1782
1803
1806
1797
1795
1802
1783
1776
1782
1785
1782
1813
1806
1808
1791
1803
1787
1792
1780
1786
1782
1778
1777
1775
1777
1773
1809
1811
1820
1814
1808
1821
1818
1817
1809
1818
1815
1811
1808
1815
1814
1820
1821
1818
1809
1814
1809
1815
1813
1819
1810
1818
1818
1815
1826
1822
1808
1808
1813
1809
1813
1817
1819
1815
1812
1814
1811
1818
1811
1823
1814
