1822
1814
1815
1814
1820
1835
1814
1821
1820
1826
1821
1811
1820
1815
1814
1823
1819
1829
1821
1822
1819
1823
1814
1819
1826
1814
1808
1817
1814
1815
1822
1831
1817
1813
1818
1808
1818
1822
1823
1819
1820
1815
1815
1819
1817
1818
1817
1822
1814
1818
1812
1827
1815
1807
1818
1821
1822
1822
1818
1819
1814
1814
1824
1823
1825
1819
1822
1814
1819
1810
1809
1810
1809
1815
1824
1822
1822
1815
1819
1829
1824
1818
1821
1826
1819
1818
1821
1808
1818
1831
1825
1815
1810
1823
1818
1821
1814
1815
1819
1825
1821
1825
1822
1818
1817
1823
1823
1809
1811
1825
1822
1819
1822
1817
1819
1823
1819
1819
1822
1817
1824
1829
1811
1821
1815
1815
1824
1824
1811
1819
1817
1818
1815
1821
1821
1817
1818
1822
1815
1813
1814
1822
1819
1823
1810
1815
1824
1817
1815
1818
1814
1814
1825
1819
1808
1813
1818
1818
1823
1835
1815
1822
1827
1823
1815
1821
1825
1813
1827
1824
1819
1814
1814
1821
1819
1824
1821
1817
1817
1823
1815
1823
1811
1817
1827
1810
1836
1815
1819
1824
1806
1825
1828
1836
1834
1810
1823
1814
1813
1821
1819
1810
1821
1824
1821
1819
1821
1817
1821
1820
1829
1820
1822
1814
1822
1819
1809
1817
1820
1819
1823
1815
1815
1812
1824
1835
1823
1813
1813
1818
1818
1824
1812
1813
1821
1822
1808
1810
1809
1813
1822
1815
1810
1817
1821
1823
1824
1821
1824
1824
1824
1821
1825
1811
1831
1821
1825
1820
1824
1823
1813
1814
1818
1819
1818
1821
1814
1823
1821
1824
1816
1823
1819
1820
1821
1810
1822
1813
1808
1822
1819
1817
1819
1815
1817
1789
1785
1782
1787
1797
1787
1790
1781
1777
1775
1787
1778
1779
1778
1791
1776
1808
1798
1810
1806
1763
1765
1802
1796
1808
1791
1789
1782
1774
1760
1774
1763
1767
1759
1762
1765
1757
1769
1767
1757
1777
1767
1773
1777
1779
1779
1779
1770
1778
1761
1770
1775
1763
1763
1773
1763
1764
1761
1765
1769
1771
1773
1775
1764
1771
1761
1761
1763
1759
1762
1762
1774
1771
1756
1747
1769
1771
1765
1767
1759
1757
1775
1761
1758
1765
1764
1771
1763
1761
1754
1769
1761
1771
1762
1752
1759
1764
1758
1761
1759
1757
1753
1753
1751
1755
1758
1763
1750
1757
1751
1755
1755
1749
1749
1759
1767
1765
1763
1764
1774
1774
1743
1729
1729
1765
1741
1743
1741
1744
1744
1759
1748
1734
1733
1744
1771
1758
1751
1743
1744
1744
1754
1747
1757
1753
1757
1759
1753
1755
1749
1744
1750
1744
1743
1763
1751
1762
1754
1755
1761
1749
1763
1761
1760
1766
1748
1753
1760
1760
1761
1755
1760
1755
1755
1754
1754
1755
1759
1744
1760
1750
1749
1751
1757
1759
1751
1751
1755
1745
1753
1753
1758
1751
1753
1747
1749
1757
1750
1753
1762
1750
1744
1755
1750
1759
1759
1753
1753
1758
1749
1758
1755
1761
1753
1762
1765
1748
1753
1750
1758
1746
1757
1756
1747
1753
1755
1751
1750
1747
1747
1763
1757
1758
1757
1746
1750
1746
1766
1755
1767
1758
1760
1759
1750
1746
1755
1761
1755
1750
1754
1755
1749
1755
1748
1749
1758
1749
1754
1757
1744
1762
1754
1753
1754
1757
1765
1759
1767
1761
1773
1758
1756
1756
1754
1756
1755
1752
1746
1749
1757
1755
1758
1744
1754
1758
1754
1758
1751
1754
1746
1749
1753
1757
1757
1746
1746
1762
1754
1757
1761
1749
1745
1755
1754
1759
1757
1757
1747
1761
1755
1754
1761
1755
1760
1749
1754
1751
1757
1760
1750
1763
1755
1761
1754
1747
1767
1758
1746
1754
1751
1747
1747
1757
1753
1747
1758
1755
1751
1759
1760
1747
1755
1752
1763
1765
1755
1751
1761
1755
1753
1754
1755
1761
1763
1761
1765
1751
1755
1759
1754
1751
1759
1761
1759
1755
1756
1754
1754
1758
1762
1753
1753
1757
1756
1760
1756
1751
1751
1757
1751
1763
1765
1754
1747
1758
1759
1744
1753
1757
1759
1759
1746
1761
1761
1758
1759
1755
1749
1745
1748
1744
1750
1746
1759
1762
1769
1750
1751
1761
1766
1757
1764
1764
1755
1751
1749
1755
1759
1747
1747
1753
1745
1759
1751
1759
1770
1757
1757
1758
1751
1757
1754
1751
1763
1746
1751
1759
1760
1758
1765
1760
1759
1749
1755
1758
1751
1762
1766
1760
1751
1755
1758
1751
1749
1745
1747
1751
1751
1749
1751
1749
1758
1749
1747
1772
1757
1766
1767
1751
1767
1757
1765
1772
1763
1754
1765
1766
1773
1765
1781
1771
1771
1769
1767
1755
1771
1763
1771
1766
1759
1765
1762
1763
1760
1766
1765
1770
1767
1761
1765
1765
1760
1767
1771
1747
1762
1756
1754
1751
1774
1762
1763
1763
1764
1767
1762
1776
1754
1764
1765
1764
1766
1762
1760
1766
1758
1764
1766
1774
1765
1766
1766
1770
1766
1765
1763
1767
1759
1766
1763
1757
1774
1759
1769
1762
1772
1774
1767
1775
1763
1769
1766
1761
1769
1770
1760
1762
1758
1759
1771
1766
1759
1772
1762
1765
1767
1762
1759
1764
1763
1750
1763
1763
1763
1771
1771
1766
1761
1769
1769
1769
1765
1766
1763
1763
1763
1764
1767
1761
1759
1767
1765
1774
1774
1760
1758
1761
1758
1767
1765
1760
1762
1761
1761
1773
1756
1762
1759
1770
1773
1776
1761
1775
1775
1775
1776
1765
1766
1765
1767
1762
1775
1762
1776
1773
1770
1776
1770
1767
1771
1757
1763
1757
1773
1754
1769
1758
1767
1765
1770
1761
1766
1757
1759
1767
1770
1767
1763
1775
1766
1761
1765
1776
1770
1758
1767
1767
1761
1759
1758
1757
1763
1767
1755
1771
1776
1783
1774
1773
1776
1776
1781
1769
1776
1774
1776
1772
1776
1770
1775
1773
1775
1771
1765
1769
1771
1776
1776
1779
1767
1773
1771
1787
1773
1776
1776
1776
1786
1782
1782
1787
1782
1778
1771
1773
1775
1761
1767
1776
1776
1770
1775
1773
1775
1761
1771
1773
1776
1776
1770
1771
1777
1775
1766
1773
1761
1776
1775
1766
1774
1767
1779
1783
1776
1774
1767
1771
1767
1776
1774
1775
1776
1776
1773
1761
1766
1769
1761
1763
1759
1758
1764
1762
1766
1770
1776
1764
1766
1769
1766
1768
1768
1767
1762
1770
1767
1763
1770
1763
1767
1771
1756
1759
1773
1775
1757
1769
1775
1766
1763
1773
1767
1756
1756
1767
1762
1772
1769
1765
1774
1776
1770
1771
1765
1773
1770
1763
1766
1772
1762
1774
1765
1770
1770
1765
1764
1759
1762
1775
1776
1772
1776
1763
1766
1773
1763
1774
1765
1758
1759
1759
1762
1761
1771
1769
1773
1772
1775
1775
1767
1775
1771
1767
1772
1762
1765
1760
1755
1761
1757
1760
1750
1765
1763
1769
1765
1770
1769
1776
1767
1765
1766
1763
1775
1770
1776
1769
1771
1770
1767
1769
1767
1761
1767
1760
1770
1771
1794
1795
1790
1791
1792
1797
1787
1789
1784
1789
1788
1813
1791
1791
1795
1794
1783
1786
1790
1791
1821
1818
1814
1819
1813
1817
1811
1827
1818
1813
1820
1814
1821
1815
1823
1814
1819
1815
1822
1817
1825
1826
1828
1821
1821
1813
1818
1813
1815
1810
1828
1816
1818
1823
1815
1818
1813
1818
1819
1826
1814
1818
1815
1829
1823
1820
1824
1813
1813
1810
1815
1813
1818
1813
1819
1819
1821
1818
1827
1813
1824
1821
1815
1814
1811
1823
1815
1831
1818
1818
1816
1822
1818
1817
1812
1817
1812
1822
1824
1815
1821
1809
1810
1826
1814
1829
1815
1818
1817
1814
1822
1821
1820
1823
1822
1819
1808
1823
1813
1825
1825
1826
1812
1823
1816
1823
1833
1823
1819
1811
1821
1819
1813
1809
1813
1817
1823
1821
1819
1824
1819
1823
1819
1816
1818
1822
1823
1819
1821
1820
1821
1813
1808
1815
1819
1818
1815
1829
1826
1814
1811
1817
1809
1817
1824
1820
1803
1813
1818
1830
1821
1815
1814
1815
1815
1819
1813
1821
1819
1809
1820
1817
1809
1810
1820
1821
1821
1824
1819
1819
1820
1811
1815
1824
1825
1822
1815
1821
1821
1818
1817
1816
1822
1818
1820
1810
1815
1807
1821
1826
1828
1813
1811
1808
1815
1825
1819
1813
1823
1811
1823
1813
1821
1822
1815
1817
1811
1820
1818
1820
1821
1815
1815
1817
1811
1815
1820
1819
1822
1819
1825
1821
1824
1815
1827
1819
1827
1809
1824
1815
1819
1814
1828
1822
1823
1824
1813
1823
1815
1823
1823
1813
1814
1819
1815
1808
1821
1827
1825
1812
1825
1814
1819
1824
1824
1811
1825
1821
1818
1820
1819
1822
1821
1817
1824
1813
1819
1818
1822
1816
1819
1812
1809
1821
1820
1823
1817
1818
1809
1823
1817
1822
1830
1823
1817
1819
1822
1827
1821
1822
1809
1815
1808
1826
1818
1810
1811
1814
1815
1824
1818
1824
1825
1812
1821
1819
1814
1819
1817
1815
1823
1819
1819
